1
1.111
1.25
1.429
1.667
2
2.5
3.333
5
10
0
5.31
3.73
2.74
2.12
1.74
1.44
1.20
1.16
1.07
1.02
0.2
5.45
3.84
2.83
2.20
1.77
1.48
1.29
1.19
1.08
1.02
0.4
5.65
3.99
2.97
2.28
1.83
1.54
1.33
1.21
1.08
1.03
0.6
5.80
4.11
3.10
2.38
1.89
1.60
1.38
1.22
1.10
1.03
0.8
5.80
4.17
3.20
2.44
1.92
1.64
1.42
1.23
1.10
1.03
1
5.55
4.10
3.17
2.47
1.94
1.67
1.45
1.24
1.10
1.03
2
4.10
3.36
2.74
2.32
1.98
1.74
1.50
1.28
1.13
1.04
4
3.54
3.05
2.60
2.27
2.01
1.78
1.54
1.32
1.15
1.04
6
3.31
2.92
2.60
2.29
2.03
1.80
1.56
1.34
1.16
1.04
8
3.20
2.90
2.62
2.34
2.08
1.81
1.57
1.34
1.165
1.04
10
3.23
2.93
2.65
2.27
2.10
1.83
1.58
1.35
1.17
1.04

