# scalars
single(pi) = 3.14159
single(double(pi)) = 3.14159
single(3.141587) = 3.14159
single(3.141591) = 3.14159
single(3.99999) = 3.99999
single(3.999999) = 4
